15733783316
191849667634
160094511375
674345676
59475135956
13968631578
50034472821
32760322796
29141008470
321900978121
25693567766
64637721160
28496795821
370736874087
253222147875
121124070187
111502447420
18158657153
130683061929
9815294486
150129208378
98602332485
3347443313
31219963292
59794704747
282539482123
272294121802
83278733387
90673580998
253864435935
381402895777
91880259819
337492784142
294556356929
11390496454
337123489812
55836119344
238469165072
43439533088
1563313466
11133043044
211385698413
13081170050
111585788192
41434872542
51571928868
34692391946
52291910927
338523299668
125714928896
203116676202
3444513501
334933229169
185058924874
198023085615
188775848594
216207860151
384337222952
363914454661
133217732158
301897137766
39582929764
95333486230
285409159625
35412915507
183873478612
40140750029
6548338120
288594434829
28738269208
325308455933
359679438601
55734741907
67723976314
25311502216
35437804286
392798545857
52642101852
311674318280
74147143748
334025970531
87121671942
83333523704
352805739068
226512586423
14071696118
3242703476
230745451023
178411259552
113532174132
108264143048
178238781054
230141229625
42065190337
284957200629
2871646200
33633968431
33916596476
412492010281
92077323504
130708446320
85306537110
266960120060
220968106627
13102569049
13298698241
374404743562
75933668127
112754310547
329549507812
184864060809
6244367133
329318466487
387977261226
79899332371
16208528851
281755653987
106792857148
9091562013
268226095135
378910499414
380867729418
7481440901
65513421573
410792522857
260633859981
60732566772
313238785277
266805516500
48964597896
154426376040
19764322100
279740960092
121218036057
3068242109
104802893757
31309732383
287169517250
291681440380
38371968162
176522444094
125925347202
50730359194
327326283479
60724416104
369755213511
46653901203
336505877726
5639594317
22077959202
28733327534
152159820737
319734898037
152359711624
109144516302
94116552403
169141675283
363831905536
41499619416
3589947729
24569721623
405759573074
116325628350
307447874345
12771092501
31783032772
8084681673
111196214614
611794147
4727001416
229145241391
126273606625
364551584836
15341974648
394805744230
393448128504
103625756409
53452653943
10034306846
23781732127
3576158413
224063107997
68486019258
372659759724
275267438863
13762658014
339809838889
413070862995
48629497386
112858566348
344934134326
39449136573
144258525326
28836943289
193100930070
348693677027
374514016029
347764063089
115396324381
5220085033
72231044487
132534127361
354749592726
304667659160
28757048496
356021428467
155164657959
20556154208
63894136480
62303159131
6112674822
106378258059
19038878794
359762235774
64645412190
401877915040
324837463557
12872174351
78227345624
110865450452
322011206541
38057650193
84980133707
149843879229
335762329684
354346366733
90438229869
25706084932
341977495979
197617641901
199559447629
82223626160
47468445046
53471045481
121508976669
142006479258
6000127603
73055242334
118274214196
92134561274
203935745629
13453239197
366240576873
19462486480
27532096115
57885332748
252658156355
36338461458
362323172962
119806332327
330700117150
121488111749
27344986009
332517469129
102179284244
216650921977
369346686901
14822934269
93553633227
213391742996
228402852994
53667475849
178626523590
441520457789
255007793669
123295166819
49916239062
118691425200
13122368979
4801165687
336562191005
26505191380
50994652581
239886989419
55186124292
78580199384
82543207185
56057202149
358641001778
184406409886
81909602893
32864096927
303483612123
348573621843
5625221749
24451725235
117621265194
310444093003
361610720945
17111732364
186258375593
142335147259
367091372718
28658386725
101509670177
193230964293
32958443926
139308719064
373190064018
101690017425
26505742605
377887234317
355601905792
134385218280
318205388970
246994618761
49264592602
94646360042
16771106739
11018661653
16709949392
362479529749
316405905412
33661222174
8354120172
3521373959
92979275606
327624789235
391342936410
384167212043
19076078095
326261997490
179863436473
34248519244
40577422257
335060273452
133836255973
64754526715
345314309468
84057655399
341915816075
56748795034
83141891156
330207851800
64636717858
225647652711
28965440425
29368199052
10945344801
82389501560
88351943773
187043478932
143217333576
94818653122
384627099499
361207384287
263127249688
47726917148
17168116714
299854054163
3068367284
235476969478
19664663551
397445063443
136408172107
40155909925
393997423675
37331979317
207815745897
80712432201
67730104124
256667815433
29197439950
4132070551
209855171619
9795113266
54715408913
248467299379
104633794847
17032735775
41099897262
240781572015
69678404121
309457234944
61583093259
103212071695
287899019673
4808224274
296948971775
89957225099
80411196715
216712817205
3556596223
89175553684
39618597778
0
60315283483
213805003920
2935328587
313705323391
6195853143
389443413071
266057332633
356283122929
415638541225
11330899923
330277259024
45376800562
45873642100
148047881270
281259213002
319143933108
285489052371
287680224882
91864771128
58104105507
30074145664
77342341516
96930193519
48748683617
107934295888
238651527958
133528520463
43353072268
33882860752
156914494747
29801552473
42391462442
24311304398
124355340372
299637757379
323669452252
328571957033
4523432874
66902503130
15715737710
136876814741
69206801704
274682073562
99250517383
5496063452
337028028113
43338207621
66904344644
3330335979
101456729155
334384453725
158914872875
15234821406
190228025080
11254803378
36085369799
30609465862
168587649247
24742040115
49589540118
374937285706
224615067547
23824948825
35630537857
125762725432
47724968621
63313282763
316494910336
166096274125
11669861013
19024530436
43164754425
89769714210
219494264536
344545067230
13432338616
40526618309
47565410581
203616984124
360932177761
25460242305
27875775206
57566352202
331581287041
131246621936
283954111751
6226218752
141763926547
37527796283
181235816506
340246860981
183933277234
360643632866
98177787730
6384295548
35171123809
385460716808
133116567034
2971181396
330056031791
44926703765
46723461200
283286312688
220779573601
352204571611
212448883360
369258705205
114504416966
266258763697
288360203438
47050178040
261022445168
242596609710
85304155378
