15733783316
191849667634
160094511375
674345676
59475135956
13968631578
50034472821
32760322796
29141008470
321900978121
25693567766
64637721160
28496795821
370736874087
253222147875
121124070187
111502447420
18158657153
130683061929
9815294486
150129208378
98602332485
3347443313
31219963292
59794704747
282539482123
272294121802
83278733387
90673580998
253864435935
381402895777
91880259819
337492784142
294556356929
11390496454
337123489812
55836119344
238469165072
43439533088
1563313466
11133043044
211385698413
13081170050
111585788192
41434872542
51571928868
34692391946
52291910927
338523299668
125714928896
203116676202
3444513501
334933229169
185058924874
198023085615
188775848594
216207860151
384337222952
363914454661
133217732158
301897137766
39582929764
95333486230
285409159625
35412915507
183873478612
40140750029
6548338120
288594434829
28738269208
325308455933
359679438601
55734741907
67723976314
25311502216
35437804286
392798545857
52642101852
311674318280
74147143748
334025970531
87121671942
83333523704
352805739068
226512586423
14071696118
3242703476
230745451023
178411259552
113532174132
108264143048
178238781054
230141229625
42065190337
284957200629
2871646200
33633968431
33916596476
412492010281
92077323504
130708446320
85306537110
266960120060
220968106627
13102569049
13298698241
374404743562
75933668127
112754310547
329549507812
184864060809
6244367133
329318466487
387977261226
79899332371
16208528851
281755653987
106792857148
9091562013
268226095135
378910499414
380867729418
7481440901
65513421573
410792522857
260633859981
60732566772
313238785277
266805516500
48964597896
154426376040
19764322100
279740960092
121218036057
3068242109
104802893757
31309732383
287169517250
291681440380
38371968162
176522444094
125925347202
50730359194
327326283479
60724416104
369755213511
46653901203
336505877726
5639594317
22077959202
28733327534
152159820737
319734898037
152359711624
109144516302
94116552403
169141675283
363831905536
41499619416
3589947729
24569721623
405759573074
116325628350
307447874345
12771092501
31783032772
8084681673
111196214614
611794147
4727001416
229145241391
126273606625
364551584836
15341974648
394805744230
393448128504
103625756409
53452653943
10034306846
23781732127
3576158413
224063107997
68486019258
372659759724
275267438863
13762658014
339809838889
413070862995
48629497386
112858566348
344934134326
39449136573
144258525326
28836943289
193100930070
348693677027
374514016029
347764063089
115396324381
5220085033
72231044487
132534127361
354749592726
304667659160
28757048496
356021428467
155164657959
20556154208
63894136480
62303159131
6112674822
106378258059
19038878794
359762235774
64645412190
401877915040
324837463557
12872174351
78227345624
110865450452
322011206541
38057650193
84980133707
149843879229
335762329684
354346366733
90438229869
25706084932
341977495979
197617641901
199559447629
82223626160
47468445046
53471045481
121508976669
142006479258
6000127603
73055242334
118274214196
92134561274
203935745629
13453239197
366240576873
19462486480
27532096115
57885332748
252658156355
36338461458
362323172962
119806332327
330700117150
121488111749
27344986009
332517469129
102179284244
216650921977
369346686901
14822934269
93553633227
213391742996
228402852994
53667475849
178626523590
441520457789
255007793669
123295166819
49916239062
118691425200
13122368979
4801165687
336562191005
26505191380
50994652581
239886989419
55186124292
78580199384
82543207185
56057202149
358641001778
184406409886
81909602893
32864096927
303483612123
349762421120
5625221749
24451725235
117621265194
311632892280
362799520222
17111732364
187447174870
142335147259
368280171995
28658386725
101509670177
194419763570
32958443926
139308719064
374378863295
101690017425
26505742605
379076033594
356790705069
135574017557
319394188247
248183418038
49264592602
94646360042
16771106739
11018661653
16709949392
363668329026
317594704689
33661222174
8354120172
3521373959
92979275606
328813588512
392531735687
385356011320
19076078095
327450796767
181052235750
34248519244
40577422257
336249072729
133836255973
64754526715
346503108745
84057655399
343104615352
56748795034
83141891156
331396651077
64636717858
226836451988
28965440425
29368199052
10945344801
82389501560
88351943773
188232278209
143217333576
94818653122
385815898776
362396183564
264316048965
47726917148
17168116714
299854054163
3068367284
236665768755
19664663551
398633862720
136408172107
40155909925
395186222952
37331979317
209004545174
80712432201
67730104124
256667815433
29197439950
4132070551
211043970896
9795113266
54715408913
249656098656
104633794847
17032735775
41099897262
241970371292
69678404121
310646034221
61583093259
103212071695
289087818950
4808224274
298137771052
89957225099
80411196715
217901616482
3556596223
89175553684
39618597778
0
60315283483
214993803197
2935328587
314894122668
6195853143
390632212348
267246131910
357471922206
416827340502
11330899923
331466058301
45376800562
45873642100
148047881270
282448012279
320332732385
286677851648
288869024159
91864771128
58104105507
30074145664
77342341516
96930193519
48748683617
107934295888
239840327235
133528520463
43353072268
23521615369
158103294024
29801552473
42391462442
24311304398
124355340372
300826556656
336666300423
341568805204
4523432874
66902503130
15715737710
149873662912
81014850598
274682073562
99250517383
5496063452
337028028113
43338207621
78712393538
3330335979
113264778049
347381301896
158914872875
15234821406
203224873251
11254803378
36085369799
30609465862
169776448524
24742040115
49589540118
387934133877
225803866824
23824948825
35630537857
125762725432
47724968621
63313282763
317683709613
167285073402
11669861013
19024530436
43164754425
101577763104
220683063813
357541915401
13432338616
40526618309
47565410581
216613832295
373929025932
25460242305
42156744179
57566352202
344578135212
143054670830
285142911028
6226218752
154760774718
37527796283
182424615783
341435660258
183933277234
373640481037
109985836624
6384295548
35171123809
398457564979
142015154911
2971181396
343052879962
44926703765
46723461200
284475111965
221968372878
353393370888
225445731531
370447504482
126312465860
279255611868
301357051609
47050178040
262211244445
243785408987
85304155378
